Id,SalePrice
1461,119516.29
1462,155926.72
1463,196062.27
1464,193781.28
1465,204303.98
1466,166145.64
1467,179478.22
1468,172720.14
1469,193422.38
1470,117402.07
1471,198392.86
1472,99762.66
1473,95687.914
1474,152891.56
1475,134673.62
1476,414625.34
1477,278844.84
1478,327129.28
1479,173325.5
1480,497610.44
1481,371444.8
1482,204103.1
1483,170886.62
1484,168897.31
1485,164200.2
1486,192569.56
1487,358007.2
1488,252282.48
1489,213953.12
1490,219076.81
1491,174426.25
1492,99665.055
1493,204216.62
1494,290658.66
1495,297170.5
1496,254114.94
1497,189974.17
1498,158349.78
1499,153394.72
1500,138791.1
1501,181576.44
1502,169393.31
1503,325854.97
1504,234357.88
1505,235289.61
1506,185537.12
1507,247300.34
1508,223991.53
1509,168883.48
1510,139032.0
1511,136708.47
1512,153537.56
1513,154674.64
1514,179778.16
1515,195966.83
1516,178445.1
1517,158574.4
1518,128085.28
1519,225626.89
1520,133510.22
1521,136298.23
1522,161855.08
1523,113038.31
1524,123318.24
1525,124990.48
1526,131793.0
1527,90634.76
1528,130667.07
1529,146059.98
1530,176308.3
1531,120035.5
1532,100648.3
1533,141551.5
1534,111859.48
1535,168020.47
1536,126738.414
1537,44675.45
1538,194708.33
1539,192900.84
1540,107946.38
1541,154879.62
1542,150297.36
1543,210189.05
1544,86061.016
1545,106250.414
1546,129816.516
1547,141436.05
1548,137307.31
1549,118730.78
1550,153766.94
1551,117971.19
1552,144977.47
1553,148324.27
1554,110841.87
1555,177331.28
1556,78578.58
1557,90711.18
1558,93071.88
1559,86439.84
1560,136684.48
1561,149935.45
1562,127230.07
1563,121093.07
1564,156548.4
1565,148120.38
1566,223033.45
1567,66687.055
1568,222128.66
1569,148929.06
1570,139711.0
1571,136747.22
1572,139093.16
1573,251361.94
1574,100760.63
1575,207139.94
1576,226967.08
1577,209223.27
1578,146427.56
1579,149248.31
1580,189313.08
1581,141403.11
1582,127852.984
1583,330885.22
1584,240519.47
1585,138699.05
1586,67776.305
1587,86353.055
1588,142621.4
1589,96634.97
1590,124368.086
1591,96267.99
1592,131604.0
1593,111979.29
1594,147298.53
1595,120786.13
1596,241265.38
1597,171186.72
1598,187589.28
1599,190744.98
1600,184243.95
1601,69769.516
1602,115156.13
1603,86454.14
1604,279273.7
1605,236196.0
1606,169160.89
1607,150444.25
1608,200749.52
1609,201400.56
1610,153046.81
1611,136309.97
1612,162465.61
1613,169742.03
1614,117821.82
1615,86537.23
1616,68097.74
1617,90504.89
1618,125691.42
1619,136562.28
1620,157346.28
1621,131660.12
1622,142443.58
1623,304745.62
1624,222322.3
1625,133673.06
1626,169811.83
1627,188663.22
1628,282557.97
1629,178841.39
1630,328107.75
1631,227171.6
1632,247731.05
1633,178849.77
1634,183146.2
1635,175397.2
1636,162943.67
1637,164821.9
1638,209922.14
1639,179449.39
1640,260592.88
1641,178368.78
1642,219926.34
1643,211784.86
1644,233874.98
1645,184873.73
1646,159725.14
1647,156734.64
1648,129386.164
1649,143057.42
1650,122785.51
1651,118459.8
1652,99946.336
1653,105524.695
1654,156298.88
1655,157707.02
1656,149906.36
1657,161592.44
1658,148954.45
1659,137942.7
1660,153659.23
1661,447192.4
1662,434984.4
1663,397161.84
1664,405291.16
1665,318876.22
1666,296532.5
1667,359925.38
1668,341259.5
1669,305092.44
1670,343683.84
1671,258032.23
1672,508034.3
1673,285351.56
1674,255321.88
1675,189972.9
1676,187992.8
1677,221382.84
1678,435907.34
1679,357299.6
1680,339752.88
1681,265616.66
1682,286633.06
1683,199252.95
1684,170053.88
1685,178898.08
1686,169332.77
1687,167419.94
1688,183023.86
1689,186079.17
1690,187348.89
1691,173662.28
1692,271587.94
1693,166342.97
1694,189404.66
1695,168546.0
1696,277570.7
1697,179651.48
1698,399109.0
1699,365003.53
1700,238418.58
1701,261418.78
1702,262242.78
1703,265545.75
1704,286705.53
1705,229583.08
1706,424633.25
1707,229092.78
1708,222630.19
1709,306831.22
1710,247469.81
1711,272753.16
1712,209031.03
1713,253079.7
1714,215468.9
1715,211110.73
1716,179735.83
1717,164583.92
1718,133869.55
1719,190295.9
1720,270465.9
1721,158626.12
1722,122208.16
1723,160409.8
1724,214852.47
1725,230467.98
1726,186463.44
1727,165591.89
1728,185596.6
1729,153727.14
1730,172455.06
1731,118676.625
1732,137979.4
1733,126838.07
1734,121363.92
1735,130276.3
1736,120240.984
1737,330185.88
1738,215096.22
1739,268218.2
1740,212210.81
1741,193871.55
1742,181267.11
1743,174929.42
1744,281224.0
1745,258500.94
1746,221806.92
1747,210260.95
1748,220456.83
1749,157479.81
1750,151693.11
1751,242299.75
1752,120540.4
1753,147202.84
1754,219759.97
1755,180380.89
1756,128127.02
1757,121970.984
1758,138483.92
1759,195820.25
1760,158779.11
1761,135647.03
1762,158346.17
1763,166074.0
1764,118421.87
1765,153674.88
1766,170095.02
1767,201795.22
1768,142552.78
1769,157170.95
1770,133680.38
1771,133786.44
1772,128578.48
1773,150726.77
1774,122274.836
1775,135297.19
1776,133276.92
1777,120277.76
1778,131525.9
1779,126060.836
1780,185652.66
1781,122290.68
1782,98746.3
1783,128677.62
1784,96033.74
1785,116618.09
1786,145477.78
1787,172654.03
1788,61353.37
1789,111034.15
1790,82229.75
1791,186781.72
1792,166242.4
1793,134697.69
1794,146721.22
1795,138482.1
1796,130231.56
1797,129265.38
1798,127775.984
1799,116679.18
1800,128691.98
1801,124336.51
1802,166460.25
1803,152380.5
1804,143449.14
1805,140643.84
1806,104805.83
1807,122494.305
1808,115805.164
1809,121289.27
1810,143135.88
1811,108318.63
1812,99425.766
1813,115517.49
1814,96602.62
1815,64172.473
1816,101416.82
1817,125277.65
1818,146725.81
1819,104331.336
1820,66753.51
1821,119601.914
1822,166539.12
1823,31760.244
1824,140070.05
1825,143618.58
1826,106358.555
1827,101783.56
1828,148903.86
1829,110402.63
1830,173678.48
1831,157933.34
1832,102019.08
1833,133347.98
1834,119267.35
1835,150458.45
1836,122750.54
1837,111944.33
1838,121245.195
1839,86840.97
1840,174602.48
1841,154556.38
1842,86676.28
1843,130870.414
1844,130021.51
1845,150862.22
1846,157599.45
1847,149926.75
1848,59969.48
1849,106693.15
1850,126236.22
1851,152629.14
1852,132081.06
1853,133542.53
1854,180726.27
1855,138585.42
1856,220792.72
1857,166956.33
1858,159042.02
1859,141765.62
1860,149904.38
1861,141765.62
1862,281891.12
1863,287367.03
1864,287717.22
1865,326895.4
1866,326550.1
1867,241675.9
1868,285723.56
1869,203370.39
1870,233731.56
1871,246394.62
1872,164004.83
1873,233347.31
1874,136150.61
1875,198973.12
1876,196034.62
1877,201728.38
1878,228222.73
1879,140006.48
1880,135606.27
1881,231533.42
1882,248529.22
1883,204359.48
1884,208091.66
1885,265233.4
1886,294749.28
1887,205094.06
1888,285911.75
1889,146030.27
1890,135201.83
1891,138023.17
1892,97383.12
1893,116638.82
1894,120248.234
1895,141782.52
1896,109765.35
1897,96946.99
1898,104519.055
1899,156747.27
1900,148253.31
1901,169898.38
1902,129643.92
1903,205157.06
1904,140156.0
1905,196951.9
1906,150173.08
1907,211153.25
1908,112114.19
1909,128740.43
1910,115494.03
1911,209828.42
1912,258019.17
1913,149448.38
1914,74037.24
1915,339255.16
1916,46368.383
1917,261161.4
1918,141525.78
1919,168445.1
1920,156651.69
1921,419871.2
1922,332841.97
1923,223761.73
1924,247373.62
1925,216812.53
1926,366006.9
1927,140582.42
1928,150723.39
1929,128515.67
1930,139465.7
1931,140880.61
1932,125577.11
1933,175836.38
1934,181146.39
1935,168647.31
1936,192171.14
1937,188151.88
1938,166277.14
1939,236753.06
1940,210176.44
1941,174716.55
1942,196013.81
1943,202062.66
1944,310571.44
1945,369368.12
1946,142550.39
1947,323178.84
1948,155635.2
1949,264690.6
1950,186337.19
1951,253406.5
1952,260983.3
1953,159288.9
1954,197119.56
1955,128549.83
1956,243827.78
1957,155937.4
1958,313485.0
1959,132384.22
1960,124133.97
1961,117118.61
1962,94652.04
1963,100809.81
1964,109686.266
1965,151649.1
1966,151928.86
1967,315922.7
1968,356848.66
1969,357983.16
1970,439832.88
1971,508780.22
1972,368624.9
1973,276400.97
1974,324850.53
1975,420920.44
1976,283002.53
1977,342108.53
1978,390057.8
1979,344599.25
1980,196616.31
1981,346429.75
1982,251115.84
1983,224009.73
1984,167283.16
1985,216742.52
1986,210758.25
1987,189239.78
1988,176682.84
1989,180766.75
1990,217489.2
1991,237599.64
1992,221570.5
1993,176434.44
1994,246041.27
1995,179897.28
1996,248909.08
1997,320963.34
1998,340786.5
1999,262283.78
2000,304945.97
2001,249398.67
2002,241933.06
2003,253697.95
2004,274333.75
2005,234834.53
2006,249454.77
2007,237148.33
2008,215388.22
2009,186079.42
2010,192877.73
2011,133503.3
2012,174893.69
2013,181874.8
2014,184883.45
2015,203173.9
2016,198366.48
2017,195841.8
2018,124647.64
2019,137902.34
2020,123947.11
2021,111136.87
2022,181152.31
2023,149283.66
2024,229530.6
2025,433458.66
2026,184065.83
2027,136014.5
2028,151654.14
2029,182488.39
2030,274019.47
2031,276715.12
2032,278808.25
2033,270104.22
2034,159692.47
2035,220099.3
2036,175182.22
2037,180896.56
2038,299894.94
2039,207051.12
2040,365056.38
2041,282676.94
2042,209441.66
2043,179410.02
2044,171797.56
2045,236914.3
2046,124985.46
2047,155878.66
2048,141187.53
2049,129093.51
2050,189120.89
2051,120455.34
2052,135232.45
2053,147182.03
2054,100902.52
2055,153203.25
2056,136564.77
2057,121299.9
2058,216257.64
2059,116032.266
2060,172498.86
2061,184836.89
2062,132149.9
2063,121832.125
2064,134837.6
2065,133130.2
2066,180610.89
2067,133559.61
2068,125254.0
2069,97788.27
2070,118083.22
2071,92132.445
2072,136036.52
2073,132771.84
2074,193675.27
2075,154839.31
2076,130079.12
2077,148457.4
2078,133686.75
2079,135022.62
2080,118182.24
2081,115000.21
2082,139228.67
2083,146284.78
2084,114365.22
2085,127576.65
2086,141743.33
2087,117548.72
2088,88716.14
2089,77093.414
2090,125022.625
2091,123253.99
2092,140999.02
2093,116995.59
2094,137338.78
2095,136183.0
2096,83447.125
2097,96828.04
2098,148016.38
2099,59854.047
2100,117188.35
2101,107910.81
2102,121131.445
2103,100932.3
2104,123044.65
2105,135185.77
2106,70496.98
2107,277875.88
2108,123658.39
2109,113165.305
2110,146881.36
2111,148557.95
2112,145865.72
2113,117358.516
2114,112065.06
2115,161775.62
2116,108891.06
2117,164397.23
2118,115198.33
2119,99262.64
2120,108999.39
2121,126634.734
2122,96649.24
2123,72989.016
2124,179814.73
2125,135246.64
2126,141960.3
2127,168350.78
2128,129725.17
2129,106944.766
2130,147406.98
2131,152647.2
2132,112735.945
2133,109683.95
2134,118867.9
2135,85544.05
2136,80851.2
2137,117138.73
2138,137837.02
2139,157443.28
2140,139868.03
2141,133805.34
2142,136633.27
2143,132572.5
2144,105355.9
2145,139040.4
2146,150621.94
2147,149641.69
2148,132389.62
2149,141415.81
2150,239668.36
2151,119590.49
2152,195077.61
2153,166660.61
2154,111669.49
2155,133105.72
2156,257834.05
2157,258275.81
2158,254349.22
2159,189035.47
2160,170322.89
2161,265731.3
2162,430286.2
2163,342631.97
2164,268251.7
2165,181915.83
2166,145137.77
2167,214623.25
2168,215446.98
2169,196322.44
2170,208015.45
2171,149956.38
2172,147838.83
2173,190631.17
2174,227711.27
2175,322939.78
2176,318862.2
2177,253397.75
2178,222260.39
2179,145238.58
2180,194898.3
2181,186187.2
2182,224539.19
2183,200001.52
2184,139294.14
2185,110627.53
2186,139058.14
2187,150258.44
2188,151004.14
2189,206825.94
2190,94773.875
2191,103253.04
2192,105941.89
2193,82722.56
2194,109643.875
2195,111695.64
2196,94311.66
2197,113152.43
2198,137626.22
2199,173277.28
2200,136069.25
2201,131627.67
2202,211253.75
2203,168226.03
2204,170607.77
2205,114023.2
2206,146720.61
2207,217027.64
2208,230210.66
2209,229877.89
2210,127799.66
2211,111082.36
2212,104621.4
2213,92505.27
2214,140775.17
2215,104532.984
2216,135585.66
2217,43586.965
2218,79243.92
2219,77231.945
2220,77087.336
2221,338301.88
2222,258676.77
2223,265803.8
2224,194340.7
2225,124786.98
2226,179269.39
2227,203314.12
2228,285887.97
2229,237393.95
2230,151827.88
2231,200663.55
2232,178458.86
2233,172856.95
2234,270451.7
2235,209778.88
2236,284855.6
2237,310615.78
2238,198673.72
2239,127921.82
2240,163688.39
2241,146486.36
2242,132764.61
2243,130071.4
2244,97014.8
2245,96477.62
2246,142473.06
2247,104137.17
2248,127429.195
2249,128228.8
2250,132731.2
2251,116513.6
2252,162919.86
2253,146819.56
2254,184610.16
2255,185895.97
2256,180966.1
2257,212052.16
2258,172685.34
2259,179113.97
2260,145162.52
2261,168870.22
2262,210471.17
2263,345538.53
2264,496176.1
2265,165891.02
2266,294497.78
2267,399120.94
2268,417825.66
2269,161511.19
2270,179236.52
2271,250733.45
2272,208328.97
2273,170411.02
2274,187162.92
2275,174674.38
2276,183674.12
2277,194153.83
2278,158900.97
2279,124436.43
2280,127060.08
2281,181491.98
2282,188528.25
2283,98059.5
2284,104359.33
2285,135731.94
2286,128600.54
2287,340894.47
2288,269012.75
2289,394550.28
2290,443860.88
2291,324445.06
2292,417443.25
2293,424271.47
2294,443903.4
2295,419284.56
2296,335459.7
2297,309092.5
2298,318369.1
2299,422285.3
2300,324335.12
2301,270681.16
2302,238473.17
2303,232552.98
2304,241344.36
2305,175231.3
2306,186136.53
2307,193694.33
2308,214183.05
2309,280645.22
2310,227190.39
2311,183480.42
2312,179637.94
2313,174473.58
2314,162560.05
2315,171838.23
2316,188371.06
2317,191392.38
2318,174386.22
2319,171871.7
2320,197347.23
2321,250383.39
2322,170171.02
2323,183451.39
2324,168364.45
2325,215751.84
2326,169559.25
2327,218558.88
2328,237550.55
2329,183131.42
2330,174984.75
2331,368298.72
2332,415508.97
2333,340907.4
2334,255836.48
2335,261249.86
2336,318886.0
2337,228624.53
2338,328269.16
2339,227040.56
2340,399625.62
2341,220998.77
2342,257799.95
2343,221491.2
2344,242599.69
2345,235337.52
2346,230378.08
2347,214355.58
2348,235076.53
2349,151179.3
2350,263683.56
2351,254080.98
2352,236627.77
2353,226029.7
2354,130892.64
2355,146528.11
2356,150872.72
2357,192562.62
2358,188749.86
2359,121331.664
2360,112737.18
2361,136331.45
2362,285375.47
2363,141367.4
2364,161942.69
2365,253128.62
2366,178785.06
2367,203121.92
2368,202267.1
2369,212959.03
2370,190005.47
2371,169225.0
2372,178222.03
2373,266819.66
2374,297714.28
2375,263497.16
2376,270661.72
2377,373379.22
2378,129994.82
2379,205245.92
2380,140590.75
2381,154339.02
2382,190872.7
2383,195474.75
2384,246006.45
2385,156285.14
2386,132556.48
2387,141679.67
2388,108456.24
2389,127729.516
2390,152432.12
2391,145690.34
2392,118866.266
2393,162012.81
2394,148970.22
2395,212435.73
2396,138996.48
2397,227523.55
2398,124876.26
2399,66879.3
2400,68429.81
2401,120783.96
2402,136286.2
2403,142581.48
2404,158190.08
2405,170561.95
2406,136912.78
2407,132869.56
2408,142567.81
2409,137110.1
2410,166966.03
2411,116910.266
2412,152227.92
2413,132670.75
2414,136455.88
2415,121523.77
2416,130891.14
2417,135679.92
2418,126892.15
2419,129645.86
2420,121764.5
2421,146219.8
2422,134661.33
2423,141575.47
2424,177199.48
2425,167961.56
2426,120283.26
2427,132908.42
2428,176870.84
2429,118516.84
2430,122713.695
2431,103360.195
2432,147212.95
2433,152374.92
2434,135546.88
2435,146701.16
2436,111172.48
2437,107201.67
2438,116709.5
2439,104285.32
2440,128357.24
2441,118198.97
2442,102063.02
2443,113070.21
2444,124713.4
2445,85020.4
2446,153544.72
2447,223939.38
2448,135973.03
2449,110681.484
2450,155552.17
2451,124867.836
2452,217367.73
2453,92971.16
2454,126308.94
2455,124481.9
2456,150441.34
2457,118538.71
2458,112387.55
2459,103826.914
2460,133071.78
2461,115603.27
2462,141552.62
2463,117422.53
2464,173544.83
2465,127968.66
2466,123462.54
2467,166465.05
2468,75670.91
2469,86170.984
2470,190576.67
2471,220595.11
2472,175715.66
2473,120626.945
2474,94142.23
2475,256485.77
2476,98000.59
2477,125170.52
2478,169352.75
2479,110514.234
2480,149254.4
2481,119020.5
2482,135659.95
2483,117640.47
2484,128716.66
2485,125796.01
2486,161075.11
2487,182770.72
2488,155004.16
2489,145098.45
2490,165577.95
2491,82504.16
2492,184709.36
2493,154290.22
2494,174704.22
2495,87321.76
2496,242912.55
2497,140978.28
2498,108675.88
2499,100077.29
2500,130848.016
2501,132344.3
2502,144099.64
2503,99284.03
2504,171868.38
2505,228400.03
2506,271458.0
2507,320576.2
2508,260649.05
2509,214212.31
2510,227038.22
2511,183961.22
2512,203433.55
2513,218174.14
2514,232220.78
2515,150740.48
2516,144129.1
2517,135128.95
2518,145920.28
2519,226261.23
2520,206531.25
2521,181822.61
2522,224412.03
2523,122881.516
2524,143564.4
2525,145858.56
2526,138755.36
2527,106224.875
2528,129912.805
2529,136720.19
2530,115740.23
2531,248068.69
2532,214659.1
2533,201590.94
2534,233053.1
2535,339202.22
2536,237841.66
2537,223764.95
2538,184904.58
2539,182362.0
2540,180605.34
2541,177924.14
2542,150914.38
2543,115132.29
2544,123749.67
2545,127287.984
2546,130294.95
2547,132625.47
2548,152126.12
2549,163032.03
2550,273182.9
2551,142276.9
2552,121903.055
2553,95109.164
2554,124685.48
2555,122899.48
2556,93175.29
2557,105706.52
2558,147354.17
2559,117600.04
2560,136989.28
2561,147822.0
2562,141988.3
2563,150201.92
2564,180276.66
2565,141993.31
2566,165845.3
2567,140518.81
2568,214772.1
2569,189298.08
2570,124023.43
2571,190247.11
2572,183781.42
2573,229153.95
2574,314296.75
2575,125104.66
2576,122658.664
2577,185450.75
2578,85881.36
2579,63367.37
2580,110669.36
2581,136554.88
2582,115548.68
2583,326731.6
2584,159915.33
2585,172556.81
2586,203921.05
2587,195729.22
2588,155440.89
2589,150082.86
2590,226408.12
2591,213004.08
2592,217969.88
2593,238157.16
2594,180913.58
2595,198835.52
2596,314119.66
2597,175861.2
2598,278445.12
2599,322514.3
2600,163788.5
2601,131878.62
2602,78553.305
2603,85059.57
2604,85092.836
2605,73226.35
2606,144329.67
2607,176327.5
2608,226267.56
2609,175543.22
2610,117804.66
2611,159569.16
2612,146034.88
2613,129604.914
2614,126040.55
2615,151208.06
2616,140881.67
2617,157703.98
2618,162282.2
2619,212888.45
2620,192985.78
2621,178069.98
2622,187157.9
2623,248515.6
2624,284041.9
2625,324950.12
2626,175795.6
2627,169666.53
2628,433593.66
2629,575433.6
2630,359759.66
2631,457964.1
2632,464102.56
2633,319127.97
2634,373961.0
2635,157631.81
2636,194689.75
2637,162095.02
2638,262384.94
2639,194536.38
2640,155014.66
2641,98991.8
2642,192158.83
2643,106784.59
2644,127193.16
2645,101967.67
2646,92595.54
2647,95231.46
2648,138076.62
2649,140778.14
2650,142060.14
2651,147007.97
2652,440897.66
2653,274274.2
2654,240538.1
2655,395227.3
2656,345452.16
2657,384309.0
2658,276076.16
2659,282672.7
2660,313528.38
2661,359870.94
2662,354627.5
2663,274933.25
2664,276083.28
2665,322631.88
2666,273172.72
2667,168757.27
2668,176782.28
2669,173866.25
2670,279358.88
2671,176920.44
2672,187498.1
2673,207205.4
2674,197627.36
2675,165985.36
2676,187028.67
2677,191525.28
2678,259797.34
2679,295405.62
2680,284871.16
2681,403446.4
2682,334074.53
2683,472420.38
2684,316802.72
2685,351279.1
2686,261973.14
2687,331254.9
2688,222997.23
2689,216051.66
2690,499042.03
2691,190443.84
2692,136774.14
2693,182699.81
2694,128807.98
2695,178902.86
2696,175077.94
2697,196032.25
2698,184933.08
2699,174389.55
2700,160227.62
2701,140298.23
2702,118288.11
2703,161071.86
2704,148580.4
2705,120593.56
2706,124643.84
2707,129197.03
2708,135372.7
2709,110891.34
2710,122649.67
2711,268976.5
2712,345237.1
2713,173285.33
2714,147978.38
2715,169718.7
2716,158196.1
2717,195025.44
2718,247234.23
2719,147233.92
2720,165334.53
2721,136768.5
2722,158654.92
2723,146150.72
2724,127562.82
2725,138842.44
2726,141334.7
2727,193268.73
2728,172014.25
2729,148924.73
2730,138180.2
2731,114250.2
2732,129363.98
2733,170056.0
2734,119464.96
2735,132482.97
2736,137014.39
2737,123457.15
2738,123508.44
2739,150078.17
2740,143438.28
2741,145583.39
2742,152120.83
2743,159178.94
2744,150969.22
2745,133030.27
2746,136420.31
2747,152541.5
2748,131693.38
2749,128466.73
2750,138172.08
2751,135160.25
2752,183566.14
2753,153712.5
2754,231384.22
2755,130146.945
2756,100848.47
2757,83102.47
2758,89925.42
2759,165830.86
2760,130025.734
2761,152034.14
2762,153654.19
2763,200083.7
2764,164444.9
2765,285568.88
2766,146032.88
2767,75187.164
2768,130579.88
2769,123371.766
2770,151849.48
2771,114704.19
2772,123217.195
2773,147986.89
2774,134123.48
2775,114574.84
2776,156015.56
2777,137508.94
2778,117204.48
2779,120709.86
2780,109712.65
2781,103151.74
2782,94151.44
2783,113184.06
2784,122893.61
2785,158443.98
2786,71753.02
2787,121152.805
2788,82405.22
2789,210302.31
2790,81224.73
2791,111023.48
2792,67147.9
2793,170912.89
2794,96195.83
2795,116186.13
2796,100778.2
2797,215190.44
2798,123405.58
2799,117034.38
2800,50145.176
2801,111934.57
2802,137501.89
2803,141259.53
2804,158062.14
2805,97984.164
2806,87747.98
2807,148014.94
2808,155179.55
2809,136439.67
2810,139423.39
2811,154894.92
2812,146333.88
2813,140178.14
2814,144521.53
2815,119829.69
2816,261489.47
2817,142425.23
2818,131736.55
2819,172192.62
2820,125448.7
2821,108997.33
2822,202030.03
2823,275982.97
2824,179804.56
2825,153705.89
2826,132084.39
2827,134753.5
2828,198028.81
2829,180879.0
2830,216259.31
2831,188407.8
2832,236107.98
2833,310298.66
2834,206118.36
2835,220175.27
2836,197269.39
2837,167208.08
2838,148506.06
2839,177792.17
2840,198585.89
2841,194744.7
2842,216526.64
2843,147020.19
2844,162524.2
2845,120111.586
2846,217743.81
2847,215280.6
2848,215948.98
2849,205675.44
2850,270203.3
2851,236550.52
2852,218155.22
2853,235101.25
2854,138368.84
2855,200591.5
2856,206316.95
2857,189750.67
2858,190814.16
2859,138100.89
2860,126122.336
2861,140440.1
2862,200967.25
2863,120314.98
2864,251020.81
2865,134403.3
2866,132000.16
2867,95878.16
2868,107347.41
2869,100751.66
2870,146362.31
2871,85277.83
2872,58582.03
2873,96943.08
2874,138361.19
2875,120642.22
2876,167464.78
2877,147835.62
2878,183725.38
2879,145478.2
2880,97714.055
2881,176431.17
2882,166005.19
2883,165076.8
2884,195498.14
2885,198205.64
2886,241747.69
2887,110523.75
2888,131060.16
2889,47176.586
2890,86367.086
2891,137046.97
2892,59774.887
2893,91340.164
2894,63386.625
2895,371749.97
2896,264921.56
2897,205389.47
2898,171805.08
2899,217834.84
2900,176034.73
2901,204049.34
2902,195779.52
2903,329697.2
2904,338970.5
2905,113358.625
2906,208803.08
2907,114893.64
2908,132145.31
2909,132446.94
2910,75694.0
2911,82036.484
2912,165845.03
2913,81183.94
2914,75763.766
2915,77674.21
2916,85133.4
2917,159231.0
2918,104400.164
2919,236085.58
